3,0
3,0
3,0
3,0
3,0
3,0
3,0
3,0
3,0
6,0
3,0
3,0
3,0
3,0
3,0
3,0
3,0
3,0
3,0
3,0
5,0
5,0
5,0
5,0
5,0
5,0
5,0
5,0
5,0
5,0
0,0
0,0
0,0
0,0
0,0
0,0
0,0
0,0
0,0
0,0
0,0
0,0
0,0
0,0
0,0
0,0
0,0
0,0
0,0
0,0
0,0
0,0
0,0
0,0
0,0
0,0
0,0
0,0
0,0
0,0
0,0
0,0
5,0
0,0
0,0
0,0
0,0
0,0
0,0
0,0
0,0
0,0
0,0
0,0
0,0
0,0
0,0
0,0
0,0
0,0
3,0
3,0
3,0
3,0
3,0
3,0
3,0
3,0
3,0
3,0
0,0
0,0
5,0
5,0
0,0
0,0
0,0
0,0
0,0
0,0
1,1
1,1
1,1
1,1
1,1
1,1
1,1
1,1
1,1
1,1
5,1
5,1
5,1
5,1
5,1
5,1
5,1
5,1
5,1
5,1
1,1
1,1
1,1
1,1
1,1
1,1
1,1
1,1
1,1
1,1
1,1
1,1
5,1
1,1
1,1
1,1
1,1
1,1
1,1
1,1
1,1
1,1
1,1
1,1
1,1
1,1
1,1
1,1
1,1
1,1
1,1
1,1
1,1
1,1
1,1
1,1
1,1
1,1
1,1
1,1
1,1
1,1
1,1
1,1
1,1
1,1
1,1
1,1
1,1
1,1
1,1
1,1
1,1
1,1
1,1
1,1
1,1
1,1
1,1
1,1
4,1
4,1
4,1
4,1
4,1
4,1
4,1
4,1
4,1
1,1
4,1
4,1
4,1
4,1
4,1
4,1
4,1
4,1
5,1
4,1
2,2
2,2
2,2
2,2
2,2
2,2
2,2
2,2
2,2
2,2
2,2
2,2
2,2
2,2
2,2
2,2
2,2
2,2
2,2
2,2
2,2
2,2
2,2
2,2
2,2
2,2
2,2
2,2
2,2
2,2
5,2
5,2
5,2
5,2
5,2
5,2
5,2
5,2
5,2
5,2
2,2
2,2
2,2
2,2
2,2
2,2
2,2
2,2
2,2
2,2
5,2
5,2
5,2
5,2
5,2
5,2
5,2
5,2
5,2
5,2
2,2
2,2
2,2
2,2
2,2
2,2
2,2
2,2
2,2
2,2
2,2
2,2
2,2
2,2
2,2
2,2
2,2
2,2
2,2
2,2
2,2
2,2
2,2
2,2
2,2
2,2
2,2
2,2
2,2
2,2
2,2
2,2
2,2
2,2
2,2
2,2
2,2
2,2
2,2
2,2
2,2
2,2
2,2
2,2
2,2
2,2
2,2
2,2
2,2
2,2
2,2
2,2
2,2
2,2
2,2
2,2
2,2
2,2
2,2
2,2
2,2
2,2
2,2
2,2
2,2
2,2
2,2
2,2
2,2
2,2
2,2
2,2
2,2
2,2
2,2
2,2
2,2
2,2
2,2
2,2
2,2
2,2
2,2
2,2
2,2
2,2
2,2
2,2
2,2
2,2
2,2
2,2
2,2
2,2
2,2
2,2
2,2
2,2
2,2
2,2
2,2
2,2
2,2
2,2
2,2
2,2
2,2
2,2
2,2
2,2
2,2
2,2
2,2
2,2
2,2
2,2
2,2
2,2
2,2
2,2
5,2
5,2
5,2
5,2
5,2
5,2
5,2
5,2
5,2
5,2
2,2
2,2
2,2
2,2
2,2
2,2
2,2
2,2
2,2
2,2
2,2
2,2
2,2
2,2
2,2
2,2
2,2
2,2
2,2
2,2
2,2
2,2
2,2
2,2
2,2
2,2
2,2
2,2
2,2
2,2
2,2
2,2
2,2
2,2
2,2
2,2
2,2
2,2
2,2
2,2
0,2
0,2
0,2
0,2
0,2
0,2
0,2
0,2
0,2
0,2
6,2
6,2
6,2
3,2
6,2
6,2
6,2
6,2
6,2
3,2
2,2
2,2
2,2
2,2
2,2
2,2
2,2
2,2
2,2
2,2
2,2
2,2
2,2
2,2
2,2
2,2
2,2
2,2
2,2
2,2
2,2
2,2
2,2
2,2
2,2
2,2
2,2
2,2
2,2
2,2
2,2
2,2
2,2
2,2
2,2
2,2
2,2
2,2
2,2
2,2
0,3
0,3
0,3
0,3
0,3
0,3
0,3
0,3
0,3
0,3
3,3
3,3
3,3
3,3
3,3
3,3
3,3
3,3
3,3
3,3
2,3
2,3
2,3
2,3
2,3
2,3
2,3
2,3
2,3
2,3
3,3
3,3
3,3
3,3
3,3
3,3
3,3
3,3
3,3
3,3
3,3
3,3
3,3
3,3
3,3
3,3
3,3
3,3
3,3
3,3
6,3
6,3
6,3
6,3
6,3
6,3
6,3
6,3
6,3
6,3
3,3
3,3
3,3
3,3
3,3
3,3
3,3
3,3
3,3
3,3
6,3
3,3
6,3
3,3
6,3
6,3
6,3
6,3
6,3
6,3
3,3
3,3
3,3
3,3
3,3
3,3
3,3
3,3
3,3
3,3
3,3
3,3
3,3
3,3
3,3
3,3
3,3
3,3
3,3
3,3
3,3
3,3
3,3
3,3
3,3
3,3
3,3
6,3
3,3
6,3
3,3
3,3
3,3
3,3
3,3
3,3
3,3
3,3
3,3
3,3
5,3
5,3
5,3
5,3
5,3
5,3
5,3
5,3
5,3
5,3
3,3
3,3
3,3
3,3
3,3
3,3
3,3
3,3
3,3
3,3
5,3
5,3
5,3
5,3
5,3
5,3
5,3
5,3
0,3
5,3
0,3
0,3
0,3
5,3
0,3
0,3
0,3
0,3
0,3
0,3
6,3
6,3
6,3
6,3
6,3
6,3
6,3
6,3
6,3
6,3
3,3
3,3
3,3
3,3
3,3
3,3
3,3
3,3
3,3
3,3
5,4
5,4
5,4
5,4
5,4
5,4
5,4
5,4
5,4
5,4
5,4
5,4
5,4
5,4
5,4
5,4
5,4
5,4
5,4
5,4
5,4
3,4
3,4
3,4
5,4
5,4
5,4
5,4
5,4
5,4
5,4
5,4
5,4
5,4
5,4
5,4
5,4
5,4
5,4
5,4
5,4
5,4
5,4
5,4
5,4
5,4
5,4
5,4
5,4
5,4
5,4
5,4
5,4
5,4
5,4
5,4
5,4
5,4
5,4
5,4
4,4
4,4
4,4
3,4
4,4
4,4
4,4
3,4
3,4
4,4
5,4
5,4
5,4
5,4
5,4
5,4
5,4
5,4
5,4
5,4
0,4
0,4
4,4
0,4
0,4
0,4
0,4
0,4
4,4
4,4
4,4
4,4
4,4
4,4
4,4
4,4
4,4
4,4
4,4
4,4
3,5
3,5
3,5
3,5
3,5
3,5
3,5
3,5
3,5
5,5
5,5
3,5
5,5
5,5
5,5
5,5
5,5
5,5
5,5
5,5
5,5
5,5
5,5
5,5
5,5
5,5
5,5
5,5
5,5
5,5
5,5
5,5
5,5
5,5
5,5
5,5
5,5
5,5
5,5
5,5
5,5
5,5
5,5
5,5
5,5
5,5
5,5
5,5
5,5
5,5
5,5
5,5
5,5
5,5
5,5
5,5
5,5
5,5
5,5
5,5
5,5
5,5
5,5
5,5
5,5
5,5
5,5
5,5
5,5
5,5
5,5
5,5
5,5
5,5
5,5
5,5
5,5
5,5
5,5
5,5
2,5
2,5
2,5
2,5
2,5
2,5
2,5
2,5
2,5
2,5
0,5
0,5
0,5
0,5
0,5
0,5
0,5
0,5
0,5
0,5
6,6
6,6
6,6
6,6
6,6
6,6
6,6
6,6
6,6
6,6
6,6
6,6
6,6
6,6
6,6
6,6
6,6
6,6
6,6
6,6
6,6
6,6
6,6
6,6
6,6
6,6
6,6
6,6
6,6
6,6
6,6
6,6
6,6
6,6
6,6
6,6
6,6
6,6
6,6
6,6
6,6
6,6
6,6
6,6
6,6
6,6
6,6
6,6
6,6
6,6
5,6
5,6
5,6
3,6
5,6
5,6
5,6
5,6
5,6
5,6
6,6
6,6
6,6
6,6
6,6
6,6
6,6
6,6
6,6
6,6
6,6
6,6
6,6
6,6
6,6
6,6
6,6
6,6
6,6
6,6
6,6
6,6
6,6
6,6
6,6
6,6
6,6
6,6
6,6
6,6
6,6
6,6
6,6
6,6
6,6
6,6
6,6
6,6
6,6
6,6
